0 0 0 44.8 45.47 47.86 51.7 158.77 157.79 158 158.5 161.19 96.98 74.83 65.08 64.78
17.59 0 0 43.7 44.26 64.62 66.62 136.1 136.32 136.2 136.8 138.93 71.4 66.6 64.85 64.2
35.18 0 0 43.81 44.55 47.23 55.3 117.5 116.42 116.2 116.69 118.35 175.98 70.33 67.02 66.06
52.77 0 0 44.31 48.35 48.26 99.04 97.1 96 95.92 96.39 98.15 242.14 206.09 88.46 86.58
65.455 -3.12603 -0.483242 56.43 86.85 83.5 82.63 82.78 83.92 90.1 229.75 255 91.44 85.52 89.1 87.48
81.0308 -11.2993 -0.483242 71.3 70.2 68.1 67.23 67.3 68.22 71.19 255 255 200.04 87.76 86.56 75
90.8108 -19.9615 -0.966483 60.35 59.44 59.9 65.51 65.8 216.87 225.94 179.88 83.28 82.35 73.5 72 73.35
95.446 -32.1761 -1.44973 65.56 76.4 224.36 167.54 162.58 95.69 75.14 72 72.68 72.09 72.88 76.02 125.45
97.5704 -49.6373 -1.44973 77.87 81.97 85.62 149.76 146.86 147.24 148.04 148.2 59.59 59.1 54.74 56.38 63.9
99.6949 -67.0985 -1.44973 85.11 80.8 255 129.54 124.84 122.83 125.33 53.2 53.2 36.85 35.22 36.37 48.43
101.819 -84.5598 -1.44973 77.43 81.31 122.1 107.77 103.37 102.32 103.88 107.63 34.46 32.6 29.38 28.6 29
103.944 -102.021 -1.44973 75.36 76.41 79.23 90.98 83.24 83.1 83.56 90.24 146.5 51.8 47 32.46 28.67
102.373 -114.991 -1.93297 80.99 76.4 74.21 74.4 75.84 80.13 131.23 132.71 134.9 42.96 41.21 32.16 34.09
96.1404 -131.44 -1.93297 66.18 63.43 62.4 62.4 63.71 65.03 109.2 109.36 111.59 126.52 110.38 43.29 40.06
88.7228 -142.194 -2.41621 57.98 58 58.63 61.36 62.6 96.55 114.22 113.84 114.3 114.7 39.1 37.32 36.4
77.1574 -148.271 -2.89945 62.63 87.8 88.14 100.05 99.32 99.25 99.94 40.1 38.54 34.49 33.82 33.56 34.62
60.0806 -152.488 -2.89945 71.59 74 83.32 80.76 80.08 79.93 80.09 81.98 32.4 31.64 28.16 27.3 28.18
43.0038 -156.706 -2.89945 75.8 65.8 64.34 61.72 60.5 60.36 60.96 216.98 255 184.7 32.6 26.24 24.97
25.9269 -160.924 -2.89945 81 81 42.87 40.65 39.93 39.91 40.42 42.94 47.1 177.82 176.24 177.67 179.7
12.8624 -160.931 -3.38269 32.21 29.6 28.98 28.96 29.91 32.13 166.4 166.24 165.02 165.16 166.53 118.32 191.91
1.29071 -154.866 -3.86593 24.63 25.17 27.04 32.16 32.8 152 151.3 151.61 154.63 255 40.16 38.34 37.63
-6.1381 -144.12 -4.34918 32.58 33.02 143.8 138.63 138.12 138.68 140.6 39.97 36.19 34.63 33.81 33.28 34.64
-12.3875 -127.677 -4.34918 48.6 52.2 121.72 120.42 120.14 121.45 125.2 51.75 28.17 26.26 25.1 25.64 27.32
-18.6368 -111.235 -4.34918 58.83 106.8 104.96 104.16 104.41 104.77 106.17 207.9 196.68 32.6 21.2 19.5 20.93
-24.8862 -94.7923 -4.34918 73.36 88.49 86.48 85.64 85.36 86.21 88.25 92.98 167 165.88 166.12 166.2 166.2
-26.4708 -81.8243 -4.83242 77.85 77.34 77.37 78.86 81.25 122.29 154.64 153.9 154.01 154.68 132.71 34 34.84
-21.8484 -69.6048 -5.31566 75.86 77.81 82.62 144.34 142.8 142.67 142.42 143.52 146.8 33.61 32.4 32 30.4
-11.8689 -55.1197 -5.31566 79.18 80.36 125.58 121.9 120.2 119.76 120 121.9 137.65 35.43 32.13 30.54 30.1
-1.88942 -40.6346 -5.31566 81.21 83.24 104.66 101.58 100.16 99.6 99.58 100.56 103 255 51.73 50.12 49.1
8.09006 -26.1495 -5.31566 84.6 86.22 96.89 86.44 80.83 80.23 80.28 81.71 97.44 255 170.98 64.4 60.43
18.0695 -11.6645 -5.31566 87.24 88.64 90.9 62.71 60.94 60.22 60.7 62.72 62.6 255 167.12 163.91 76.63
28.049 2.82065 -5.31566 91.06 92.83 47.35 42.7 41.01 40.8 41.2 44.57 178.5 176.92 171.46 161.18 162.3
37.82 11.493 -5.7989 98.4 33.41 32.34 38.63 40.34 42.72 44.3 44.3 44.3 153.3 158.1 102.24 98.53
53.3873 19.6825 -5.7989 27.14 31.68 28.67 32.56 139.7 139.88 59.8 59.8 59.54 57.96 147.8 173.98 108.97
63.1582 28.3549 -5.31566 22.99 22.8 23.96 29.69 82.45 103.1 104.93 125.48 125.84 50.75 48.31 49 48.93
73.1377 42.84 -5.31566 10.74 76.4 87.3 85.6 85.5 85.74 108.32 106.78 105.98 51.58 45.51 43.97 44.06
83.1171 57.3251 -5.31566 59.4 125.36 126.2 72.44 72.31 73.6 92.09 89.86 89.55 90.71 91.68 93.2 93.2
92.888 65.9975 -5.7989 66.13 65.64 81.16 175.68 75.8 75.8 75 75.38 77.96 79.07 60.9 60.9 56.13
105.57 69.1367 -6.28214 54.77 48.11 49.2 55.8 60.11 64.42 68.1 107.19 111.35 111.4 41.96 43.3 218.89
123.16 69.1551 -6.28214 45.4 45.4 43.19 43.62 57.65 91.2 87.74 87.65 90.22 78.29 36.6 34.73 33.6
140.75 69.1734 -6.28214 32.61 32.13 32.13 34.71 39.32 74.08 72.78 72.97 73.94 75.2 53.26 38.96 36.6
158.34 69.1917 -6.28214 29.72 32 32.1 74 58.57 55.07 53.17 52.59 53.83 57.35 43.95 41.51 39.82
171.022 72.331 -5.7989 32.58 160.3 158.86 159 159.3 62.33 46.09 43.14 41.94 41.56 42.47 45.05 50.4
186.589 80.5204 -5.7989 191.9 151.11 149.18 42.9 42.44 39.1 32.58 28.59 27.31 26.71 27.32 30.76 65.84
196.36 89.1928 -5.31566 32.19 33.63 36.92 143.92 140.4 137 139.95 32.6 32.13 21.18 19.69 19.1 19.59
206.339 103.678 -5.31566 38.5 40.39 44.45 119.17 117.28 117.05 84.4 119.35 70.05 16.6 14.9 11.38 14.38
210.962 115.897 -4.83242 37.04 36.4 36.56 37.64 40.78 42 102.68 103 102.49 77.08 77.28 19.1 16.07
213.068 133.361 -4.83242 39.2 141.3 158.18 205.8 86.38 83.46 82.92 81.84 72.58 32.6 32.42 37.25 19.63
211.483 146.329 -4.34918 37.42 49.58 51.8 110.13 136.14 189.24 76.42 74.46 73.42 74.41 72.97 74.42 74.4
204.055 157.076 -3.86594 32.69 33.36 42.7 43.9 123.7 124.22 168.03 169.15 69.3 66.83 64.56 64.24 64.92
190.881 168.732 -3.86594 30.36 32.16 33.8 37.75 105.41 106.01 150.5 148.09 150.98 89.05 65.4 62.2 63.3
177.707 180.387 -3.86594 34.99 36.52 86.4 86.25 85.66 86.5 130.96 128.8 129.92 78.3 75.8 75.34 64.1
164.533 192.043 -3.86594 40.2 41.1 44 72.56 72.04 147.4 146.52 114.02 115.4 77.19 73.22 71.78 72.43
152.962 198.107 -3.3827 38.4 37.6 38.78 42.8 59.27 56.62 55.84 58.93 133.03 122.96 102.65 88.01 75
139.897 198.101 -2.89946 35.3 34.95 34.63 37 191.82 49.2 49.2 45.34 69.61 128 118.57 116.41 109.03
122.82 193.883 -2.89946 32.36 33.76 255 124.02 121.5 53.6 39.68 25.38 24.25 23.94 32.56 124.77 124.03
111.255 187.807 -2.41621 28.9 29.74 32.13 102.1 126.8 106.59 106.2 43.3 37.23 20.72 18.4 17.3 17.33
98.0932 176.137 -2.41621 30.35 32.16 32.8 36.02 109.7 137.9 86.8 86.7 20.35 24.69 15.8 14.5 14.5
84.9315 164.468 -2.41621 75.4 76.52 123.92 220.23 217.22 75.6 75.6 75.6 75.6 75.6 115.4 16.6 15.76
73.3661 158.391 -2.89946 163.31 175.4 51.45 50.46 50.65 52.34 54.5 54.5 106.24 105.4 105 32.8 32.8
56.2892 154.173 -2.89946 38.4 36.18 35.76 36.19 35.74 36.96 40.05 91.7 90.13 89.84 90.18 44.39 34.39
43.2247 154.167 -3.3827 32.06 30.33 32.28 32.47 38.89 39.2 75.31 75.76 76.32 77.8 39.1 35.72 34.8
26.1435 158.367 -3.3827 28.19 28.03 29.28 32.6 57.13 58.18 57.31 57.2 58.32 67.35 41.2 40.63 37.97
14.5718 164.431 -3.86594 33.09 38.79 44.27 42.8 42.5 42.9 43.9 47.14 58 126.21 126.3 47.39 40.37
7.14309 175.178 -4.34918 35.76 33.81 33.02 33.69 34.9 40.86 89.05 113.79 123.42 39.2 39.2 38.35 39.94
5.55853 188.146 -4.83242 33.09 34.3 36.38 41.42 110.07 98.64 109.9 110.28 114.3 32.6 31.3 32.36 33.56
7.66487 205.61 -4.83242 34.08 34.15 36.42 90.7 90.7 90.7 90.7 47.4 44.76 34.9 19.52 18.32 18.02
9.7712 223.073 -4.83242 34.08 34.8 35.72 49.45 53.76 56.01 59.8 73.6 101.96 32.55 28.25 26.34 19.16
11.8775 240.537 -4.83242 36.09 38.55 34.54 45.26 47.53 54.36 55.19 80.2 83.97 123.88 166.88 32.16 29.72
16.5001 252.756 -5.31566 42.72 45.27 44.8 66.1 67.05 69.68 71.3 173.14 169.94 170.96 112.9 29.63 29.64
26.4796 267.241 -5.31566 56.3 55.43 55.72 53.78 52.5 52.5 53.44 152.1 152.96 154.22 154.35 54.6 57.1
36.2506 275.913 -5.79891 57.93 59.36 65.1 65.1 65.1 137.28 136.8 137.77 138.9 102.93 100.98 103.7 39.21
48.9324 279.052 -6.28215 75.8 75.8 75.8 93.05 127.5 127.2 174.9 180.8 189.4 44.1 39.25 38.26 37.97
61.6206 275.94 -6.76539 72.8 116.64 117.9 118.8 165.85 166.56 166.8 166.8 33.84 32.53 32.38 32.6 32.35
77.2049 267.783 -6.76539 81.07 114.35 152.12 149.69 149.02 56.1 56.1 53.52 143.7 143.92 109.25 32.51 32.48
86.9939 259.13 -7.24863 120.08 142.2 141.22 141.2 40.28 40.62 40.3 250.84 132.57 132.2 132.2 32.52 124.61
91.6417 246.921 -7.73187 32.58 32.16 32.6 32.1 136.8 135.22 150.62 51.9 41.19 32.54 22.9 21.1 20.81
93.7843 229.462 -7.73187 24.26 24.1 25.9 32.58 92.47 114.63 96.67 95.29 96.4 34.13 23.7 21.2 21.3
95.9268 212.003 -7.73187 25.68 32.56 65.84 67.82 231.2 198.02 77.81 75.6 76.49 79.22 127.24 32.26 22.09
98.0694 194.544 -7.73187 66.5 68.99 71 97.44 80.48 84.21 206.04 206.2 206.2 206.2 206.2 130.34 128.6
102.717 182.334 -7.24863 66.47 66.17 67.12 71.48 163.36 194.6 194.6 194.6 194.05 52.3 50.16 55.3 99.3
112.506 173.682 -6.76539 62.65 61.07 62.22 61.81 64.43 108.34 120.56 121.5 121.5 121.5 171.4 172.52 173.6
125.194 170.569 -6.28215 41.1 41.16 42.02 44.4 46.2 61.11 99.05 99.27 105.5 47.9 45.2 45.38 45.34
142.784 170.587 -6.28215 39.37 33.48 32.18 33.34 40.38 42 78.82 79.16 83.47 84.1 43.77 43.29 43.21
160.374 170.605 -6.28215 24.88 25.1 26.3 32.53 68.5 66.13 65.37 65.78 67.09 49.1 49.1 42.97 42.41
177.964 170.624 -6.28215 32.15 164.1 67.2 66.25 49.16 47.3 46.4 46.46 47.36 49.31 46.2 44.57 43.44
190.646 173.763 -5.79891 157.9 157.92 157.49 52.5 50.22 50.36 35.74 33.8 32.31 32.66 33.84 37.61 52.65
200.417 182.435 -5.31566 32.1 32.36 32.1 148.6 149.23 149 149 32.97 29.68 25.92 25.4 25.5 26.68
205.04 194.655 -4.83242 27.33 27.3 28.93 32.58 64.49 136.9 142.7 116.17 140.49 75.32 34.49 25.34 24.02
207.146 212.118 -4.83242 25.68 25.1 26.7 30.08 32.1 114.55 114.26 115.5 116.4 85.6 31.08 26.68 24.7
209.252 229.581 -4.83242 26.59 32.58 136.49 130.37 98.9 94.99 93.24 93.34 96.12 32.1 29.34 26.95 26.34
207.668 242.55 -4.34918 32.53 41.6 121.16 132.16 182.98 189.63 81.86 81.02 80.34 80.42 80.86 80.8 34.66
201.419 258.992 -4.34918 227.2 217.27 207.37 165.6 165.4 67 64.34 61.48 60.91 61.69 65.42 43.9 43.32
193.99 269.739 -3.86594 41.72 46.64 228.85 255 155.89 155.15 151.2 55.24 52.57 52.3 52.73 54.56 57.03
182.418 275.803 -3.3827 43.51 43.92 62.12 170.44 178.81 140.4 138.72 136.1 137.62 132.26 78.78 62.28 53.8
165.337 280.003 -3.3827 47.3 47.9 51.22 95.2 124.45 120.67 119.41 118.92 118.49 73.2 66.16 64.88 64.72
152.272 279.996 -2.89946 44.85 43.87 43.93 44.58 46.07 46.9 46.9 46.9 118.02 110.69 109.43 80.4 70.49
135.195 275.779 -2.89946 38.15 38.5 39.03 255 56.3 54.19 54.52 55.48 123.54 121.88 108.26 90.62 75.2
123.63 269.702 -2.41622 255 33.81 33.76 33.86 34.5 255 255 85.56 40.41 41.33 43.9 124.32 117.88
116.212 258.948 -1.93297 130.7 32.58 32.6 32.56 32.6 137 127.4 42.8 42.8 36.61 32.28 32.1 33.5
109.98 242.499 -1.93297 16.5 16.6 18.9 99.32 116.49 115.28 108.06 107.26 110.95 37.52 32.13 30.4 29.8
103.748 226.05 -1.93297 15.4 15.8 58.89 104.91 100.15 99.93 233.94 88.8 85.54 34.9 32.55 30.74 29.72
96.3299 215.296 -2.41622 64.7 161.76 207.91 219.68 218.2 218.2 218.2 87.2 127.37 126.16 32.6 27.11 27.12
83.1682 203.626 -2.41622 147.76 81.97 106.59 158.97 58.6 52.98 66.19 66.48 89.3 89.82 115.98 37.2 37.31
71.6028 197.55 -2.89946 195.86 36.99 36.86 37.28 39.29 43.63 55.3 77.34 103.21 103.2 54.2 33.36 32.6
58.5383 197.543 -3.3827 35.65 36.14 37.4 88.6 88.6 88.61 88.7 88.82 44.3 34.7 32.1 30.2 29.74
41.4571 201.743 -3.3827 37.28 37.64 39.78 53.31 70.53 69.76 69.36 69.73 71.27 73 32.19 28.1 28.17
24.3759 205.943 -3.3827 39.3 39.91 41.52 53.05 50.89 49.57 49.51 50.01 53.05 141.2 115.02 32.85 32.56
12.8043 212.008 -3.86594 51.82 52.29 37.67 36.97 36.91 38 49.8 87.42 85.96 111.36 119.1 119.1 36.32
5.37554 222.755 -4.34918 32.1 32.16 32.5 32.6 37.32 75.8 76.34 88.63 109.28 112.18 32.16 32.58 32.58
3.79101 235.723 -4.83243 32.23 33.64 37 63.5 85.38 94.82 96 96 53.65 21.2 20.22 19.73 20.5
2.20647 248.691 -4.34918 30.4 29.4 29.8 32.02 47.5 80.8 80.8 80.8 80.4 48.66 32.25 23.65 21.22
0.621943 261.659 -4.83243 32.29 33.85 41.85 49.59 51 69.69 69.6 101.08 35.5 32.13 29.71 28.82 25.85
2.72831 279.122 -4.83243 34.76 35.18 71.25 66.56 58.45 53.6 81.6 77.61 179.49 177.94 32.48 26.77 28.9
7.35086 291.342 -5.31567 64.88 67.01 68.11 69.29 69.31 69.87 72 166.16 164.84 164.8 43.73 28.66 23.58
17.3305 305.827 -5.31567 62.66 64.28 58.14 56.7 84.3 90.43 148.36 145.9 146.73 148.94 198.69 48.3 31.86
27.1014 314.499 -5.79891 73.6 76.5 75.67 98.06 139 142.52 132.9 184.95 184.97 190.86 35.79 32.88 32.58
42.6688 322.688 -5.79891 66.78 66.2 66.6 79.6 81.96 111.66 112.26 115.64 165.56 95.31 71.44 39.12 35.37
55.3506 325.827 -6.28215 68.7 71.4 84.04 101.55 104.23 150.32 150.72 151.2 125.31 65.8 138.36 40.29 38.29
68.0388 322.715 -6.76539 109.31 110.6 140.6 140.28 140.6 49.9 48.47 172.47 255 47.67 35.61 34 34.41
77.8277 314.062 -7.24863 136.28 136.04 136.2 34.79 34.68 36.47 231.36 136.8 136.1 37.9 32.8 32.16 32.13
87.8373 299.598 -7.24863 32.6 20.44 21.1 24.44 32.16 127.4 126.12 255 47.4 47.4 45.93 32.38 28.37
92.4851 287.388 -7.73187 19.8 21.86 32.58 115.07 168.44 255 103.65 52.19 33.68 28.15 26.31 25.7 25.98
94.6277 269.929 -7.73187 26.82 32.6 105.2 238.02 230.72 82.03 78.79 84.83 104.07 23.47 19.9 19.8 20.46
99.2755 257.72 -7.24863 32.13 32.43 64.5 69.5 69.7 255 217.78 216 216 74.4 83.34 86.91 129
109.285 243.255 -7.24863 66.44 66.3 76.2 76.2 74.4 77.8 102.75 196.2 59.9 59.08 75 75 84.23
119.295 228.791 -7.24863 74.49 115.1 123.84 125.5 125.5 57.64 58 174.5 177 177 45.24 44.7 44.7
129.304 214.327 -7.24863 84.92 110.81 32.1 32.17 146.6 146.6 146.6 145.35 157.35 123.12 40.05 33.82 33.08
133.952 202.117 -7.73187 28.49 32.21 32.6 145.64 132.23 130.4 142.62 143.6 32.1 29.7 28.1 28.2 28.77
138.6 189.907 -7.24863 25.7 25.09 24.29 25.9 32.6 130.56 128.04 114.98 114.9 128.24 51.5 47.63 43.74
148.61 175.443 -7.24863 48.8 110.92 111.64 120.12 144.14 100.92 95 93.9 94.06 96.28 112.06 145.94 142.9
158.619 160.978 -7.24863 109.56 110.46 110.42 112.1 127.3 236.39 78.67 76.34 76.78 78.09 206.62 150.3 148.04
168.408 152.326 -6.76539 115.6 103.6 97.05 95.58 96.52 103.8 110.25 68.41 65.16 64.1 63.5 64.14 66.59
181.096 149.214 -6.28215 41.85 43.02 47.1 91.12 84.37 82.23 82.2 89.9 92.09 103.12 65.34 62.58 61.6
193.785 146.101 -6.76539 57.37 79.43 76.6 75.7 75.7 77.02 179.12 158.06 77.97 74.4 67.61 60.73 71.88
209.369 137.944 -6.76539 67.01 64.51 62.5 61.68 61.88 64.14 66.2 137.62 138.14 138.7 68.92 68.4 67
219.158 129.292 -7.24863 56.96 55.3 57.29 56.64 123.6 123.68 123.96 149.42 149.46 222.7 222.7 222.7 222.48
223.806 117.082 -7.73187 59.22 63.28 88.84 113.7 115.85 135.23 135.5 49.2 47.1 48.12 45.16 45.2 199.18
228.454 104.872 -7.24863 59.02 58.6 59.14 60.87 99.8 99.76 101.6 120.95 121.45 44.3 43.08 39.2 36.18
238.463 90.4077 -7.24863 55.56 55.5 56.3 59.36 80.86 83.82 101.71 101.37 101.92 102.88 103.2 46.91 41
243.111 78.1979 -7.73187 59.8 76.4 75.78 79.13 87.92 87.41 87.88 88.67 86.9 40.78 38.86 37.77 38.44
245.254 60.7389 -7.73187 65.57 68.86 70.5 72.21 70.15 69.41 69.73 71.2 72.9 37.28 34.8 33.9 34
247.396 43.2799 -7.73187 70.96 73.39 54.6 53.81 50.87 50.01 49.52 50.63 53.18 255 192.54 190.72 37.32
245.839 30.3086 -8.21511 74.4 39.15 37.6 36.94 36.98 37.6 40.11 41.6 180.72 179.54 179.56 43.15 39.3
238.432 19.5463 -8.69836 32.2 30.1 29.8 32.2 33.08 167.2 167 166.4 166.4 167.5 145.3 43.3 42.06
226.873 13.4578 -9.1816 30.14 32.1 32.88 38.5 152.76 152.45 152.5 154.08 255 35.7 33.8 32.8 32.9
209.801 9.22232 -9.1816 33.22 33.61 34.82 135.8 133.78 132.66 132.4 133.37 236.52 35.82 32.28 30.8 30.22
192.728 4.98681 -9.1816 44.41 45.32 49.3 148.05 113.16 112.21 112.29 113.03 117.28 223.1 32.13 30.36 29.7
175.656 0.751309 -9.1816 47.02 46.49 47.74 94.31 93.35 92.31 92.01 92.65 94.43 212.01 191.44 174.43 36.64
158.583 -3.4842 -9.1816 50.7 51.76 54.6 75.85 74.46 73.44 73.4 74.51 77.48 90.1 255 189.32 188.77
145.519 -3.50457 -9.66484 156.3 90.6 66.62 61.6 60.98 62.67 64.62 255 181.53 180.89 180.9 181.6 184.17
128.433 0.677677 -9.66484 54.6 48 45.5 45.18 45.15 45.58 48.07 52.7 88.26 169.84 170.2 175.12 255
116.855 6.73009 -10.1481 38.43 38.11 38.5 38.43 42.15 158 156.8 155.26 154.68 155.58 169.08 255 82.6
109.415 17.4692 -10.6313 36.5 37.63 40.31 40.8 40.8 138.7 138.66 139.7 143.52 147.66 73.5 71.79 71.22
